 1950    1   -0.0603
 1950    2    0.6268
 1950    3   -0.0081
 1950    4    0.5551
 1950    5    0.0716
 1950    6    0.5386
 1950    7   -0.8025
 1950    8   -0.8510
 1950    9    0.3580
 1950   10   -0.3789
 1950   11   -0.5151
 1950   12   -1.9281
 1951    1   -0.0850
 1951    2   -0.3999
 1951    3   -1.9341
 1951    4   -0.7765
 1951    5   -0.8628
 1951    6   -0.9179
 1951    7    0.0900
 1951    8   -0.3774
 1951    9   -0.8178
 1951   10   -0.2129
 1951   11   -0.0685
 1951   12    1.9872
 1952    1    0.3682
 1952    2   -1.7472
 1952    3   -1.8595
 1952    4    0.5385
 1952    5   -0.7735
 1952    6   -0.4409
 1952    7    0.3831
 1952    8   -0.0304
 1952    9   -0.3834
 1952   10   -0.4372
 1952   11   -1.8909
 1952   12   -1.8267
 1953    1   -1.0362
 1953    2   -0.2493
 1953    3    1.0683
 1953    4   -1.2558
 1953    5   -0.5621
 1953    6    0.0225
 1953    7    0.3332
 1953    8    0.0850
 1953    9    0.6616
 1953   10   -0.1945
 1953   11    0.3536
 1953   12    0.5755
 1954    1   -0.1483
 1954    2   -0.1809
 1954    3    0.4757
 1954    4    0.5117
 1954    5   -1.6561
 1954    6   -0.2681
 1954    7    0.3409
 1954    8   -0.1224
 1954    9    0.3015
 1954   10    0.5126
 1954   11   -0.3283
 1954   12    0.5526
 1955    1   -1.1631
 1955    2   -1.5423
 1955    3   -1.5681
 1955    4    0.1942
 1955    5    0.2416
 1955    6   -0.2658
 1955    7    0.3319
 1955    8    0.7601
 1955    9    0.3568
 1955   10    0.0991
 1955   11   -1.3422
 1955   12   -0.4440
 1956    1   -1.2044
 1956    2   -2.0286
 1956    3    0.4704
 1956    4   -0.8675
 1956    5    1.3911
 1956    6    0.2801
 1956    7   -0.2146
 1956    8   -0.6522
 1956    9   -0.2020
 1956   10    1.1392
 1956   11   -0.0663
 1956   12    0.0009
 1957    1    2.0621
 1957    2   -1.5132
 1957    3   -2.0126
 1957    4    0.2377
 1957    5   -0.9661
 1957    6   -0.7600
 1957    7   -0.6462
 1957    8    0.0969
 1957    9   -0.9559
 1957   10    0.9031
 1957   11   -1.3800
 1957   12    0.8280
 1958    1   -1.4382
 1958    2   -2.2282
 1958    3   -2.5218
 1958    4   -0.3600
 1958    5   -0.3364
 1958    6   -1.1493
 1958    7   -0.6837
 1958    8   -0.7548
 1958    9   -0.0121
 1958   10    0.7701
 1958   11   -0.0107
 1958   12   -1.6865
 1959    1   -2.0128
 1959    2    2.5445
 1959    3    1.4318
 1959    4    0.1192
 1959    5   -0.3408
 1959    6   -0.0334
 1959    7    0.1047
 1959    8   -0.7452
 1959    9   -0.2808
 1959   10   -0.2491
 1959   11   -1.4106
 1959   12   -0.0420
 1960    1   -2.4842
 1960    2   -2.2124
 1960    3   -1.6246
 1960    4   -0.2973
 1960    5   -0.8574
 1960    6    0.0550
 1960    7   -0.6191
 1960    8   -1.0079
 1960    9   -0.3816
 1960   10   -1.1870
 1960   11   -0.5532
 1960   12   -0.3429
 1961    1   -1.5060
 1961    2    0.6212
 1961    3    0.3414
 1961    4   -0.2375
 1961    5    0.1575
 1961    6    0.8370
 1961    7   -0.1080
 1961    8    0.0127
 1961    9    0.8149
 1961   10    0.2031
 1961   11   -0.0104
 1961   12   -1.6682
 1962    1    1.6445
 1962    2   -0.3582
 1962    3   -2.8480
 1962    4    1.1692
 1962    5    0.0680
 1962    6    0.2871
 1962    7   -0.9265
 1962    8    0.1521
 1962    9   -0.0560
 1962   10   -0.0158
 1962   11   -1.1123
 1962   12   -0.7114
 1963    1   -3.3112
 1963    2   -1.7208
 1963    3    0.7242
 1963    4   -0.3477
 1963    5    0.7710
 1963    6   -0.5850
 1963    7   -0.3035
 1963    8   -0.6247
 1963    9    0.0831
 1963   10    1.0692
 1963   11   -0.4194
 1963   12   -1.1781
 1964    1    0.3846
 1964    2   -0.5749
 1964    3   -0.5582
 1964    4    0.6634
 1964    5    1.1740
 1964    6    0.1416
 1964    7    0.7342
 1964    8   -1.2066
 1964    9   -0.2272
 1964   10    0.3417
 1964   11   -0.3444
 1964   12   -0.2461
 1965    1   -1.0458
 1965    2   -2.0841
 1965    3   -0.9050
 1965    4    0.5681
 1965    5   -0.1525
 1965    6    0.0378
 1965    7   -0.5099
 1965    8   -0.2549
 1965    9   -0.6978
 1965   10    0.3937
 1965   11   -1.3412
 1965   12    0.1630
 1966    1   -3.2320
 1966    2   -1.4381
 1966    3   -0.9107
 1966    4   -1.8373
 1966    5    1.1243
 1966    6    0.4080
 1966    7    0.0109
 1966    8   -0.9453
 1966    9    0.0111
 1966   10   -1.0766
 1966   11    0.1106
 1966   12   -1.4015
 1967    1   -0.5759
 1967    2    1.1801
 1967    3    1.9668
 1967    4    1.6996
 1967    5    0.1265
 1967    6    0.6466
 1967    7    0.2593
 1967    8   -0.2930
 1967    9    0.1329
 1967   10    1.2986
 1967   11    0.3336
 1967   12   -0.3469
 1968    1   -0.4088
 1968    2   -2.1537
 1968    3    1.7408
 1968    4    0.3277
 1968    5   -0.2406
 1968    6    0.4197
 1968    7   -0.8361
 1968    8   -0.6706
 1968    9   -1.0089
 1968   10   -1.0132
 1968   11   -2.1826
 1968   12   -0.7832
 1969    1   -2.9675
 1969    2   -3.1135
 1969    3   -1.5822
 1969    4    0.4385
 1969    5   -0.7203
 1969    6   -0.3478
 1969    7    0.4095
 1969    8   -0.7818
 1969    9   -0.0834
 1969   10    0.0976
 1969   11    0.3258
 1969   12   -1.8556
 1970    1   -2.4124
 1970    2   -1.3253
 1970    3   -2.0841
 1970    4    0.3020
 1970    5    0.5306
 1970    6    0.8754
 1970    7    0.1387
 1970    8   -0.2626
 1970    9    0.0297
 1970   10    0.0982
 1970   11    0.3784
 1970   12   -0.3991
 1971    1   -0.1627
 1971    2   -0.9219
 1971    3   -1.0907
 1971    4   -0.5834
 1971    5    0.6793
 1971    6   -0.6683
 1971    7   -0.5785
 1971    8    0.8175
 1971    9    0.1534
 1971   10    1.1847
 1971   11    0.4188
 1971   12    0.8239
 1972    1    0.1665
 1972    2   -0.1954
 1972    3   -0.1407
 1972    4    1.0074
 1972    5    0.1402
 1972    6   -0.0491
 1972    7   -0.5529
 1972    8   -0.0820
 1972    9   -0.9196
 1972   10    0.3918
 1972   11   -0.3803
 1972   12    1.2375
 1973    1    1.2318
 1973    2    0.7862
 1973    3    0.5372
 1973    4   -1.1257
 1973    5    0.0735
 1973    6    0.5312
 1973    7    0.2705
 1973    8    0.3125
 1973    9    0.1142
 1973   10    0.3371
 1973   11    0.0022
 1973   12   -0.1815
 1974    1    0.2322
 1974    2   -0.4893
 1974    3   -0.7463
 1974    4    0.3088
 1974    5   -0.5070
 1974    6   -0.0475
 1974    7    0.3900
 1974    8   -0.5334
 1974    9   -0.1358
 1974   10   -1.0239
 1974   11   -0.4348
 1974   12    0.5565
 1975    1    1.5945
 1975    2    0.1945
 1975    3    0.1512
 1975    4    0.4088
 1975    5   -0.6143
 1975    6   -0.3232
 1975    7    0.3453
 1975    8    0.1300
 1975    9    1.2783
 1975   10    0.1377
 1975   11    0.6187
 1975   12    1.2898
 1976    1    0.0343
 1976    2    1.6563
 1976    3    0.5871
 1976    4    0.4397
 1976    5    0.0596
 1976    6    0.3280
 1976    7   -0.3253
 1976    8    0.5586
 1976    9   -0.7425
 1976   10   -0.8041
 1976   11   -0.0873
 1976   12   -2.0743
 1977    1   -3.7671
 1977    2   -2.0105
 1977    3    0.3445
 1977    4    1.3285
 1977    5    0.1043
 1977    6   -0.2262
 1977    7   -0.4917
 1977    8   -1.4122
 1977    9    0.5865
 1977   10   -0.0092
 1977   11    0.6053
 1977   12   -0.2396
 1978    1   -0.3470
 1978    2   -3.0136
 1978    3    0.5019
 1978    4   -0.9671
 1978    5    0.0590
 1978    6    0.6346
 1978    7   -0.6040
 1978    8   -0.3537
 1978    9   -0.0990
 1978   10    0.8946
 1978   11    2.4695
 1978   12   -0.9801
 1979    1   -2.2328
 1979    2   -0.6967
 1979    3   -0.8141
 1979    4   -1.1568
 1979    5   -0.2501
 1979    6    0.9332
 1979    7    0.0385
 1979    8   -0.6841
 1979    9   -0.0459
 1979   10   -1.2434
 1979   11    0.4751
 1979   12    1.2948
 1980    1   -2.0657
 1980    2   -0.9337
 1980    3   -1.4333
 1980    4   -0.4191
 1980    5   -1.1548
 1980    6    0.7215
 1980    7   -0.6222
 1980    8   -0.1852
 1980    9    0.3126
 1980   10   -0.5212
 1980   11   -1.3610
 1980   12   -0.0573
 1981    1   -0.1163
 1981    2   -0.3316
 1981    3   -1.6447
 1981    4    0.4304
 1981    5    0.1796
 1981    6   -0.4379
 1981    7    0.5605
 1981    8   -0.2441
 1981    9   -1.0401
 1981   10   -1.1675
 1981   11   -0.1877
 1981   12   -1.2157
 1982    1   -0.8834
 1982    2    0.9739
 1982    3    1.0741
 1982    4    1.4538
 1982    5   -0.2087
 1982    6   -1.1801
 1982    7    0.0048
 1982    8    0.3622
 1982    9    0.5577
 1982   10   -0.2110
 1982   11    0.6609
 1982   12    0.9672
 1983    1    1.3591
 1983    2   -1.8059
 1983    3   -0.5671
 1983    4   -0.7378
 1983    5   -0.4409
 1983    6    0.3125
 1983    7    0.1305
 1983    8    1.0978
 1983    9    0.1669
 1983   10    1.3689
 1983   11   -0.6879
 1983   12    0.1862
 1984    1    0.9050
 1984    2   -0.3027
 1984    3   -2.3860
 1984    4   -0.2836
 1984    5    0.4792
 1984    6    0.0073
 1984    7    0.0189
 1984    8    0.4657
 1984    9   -0.4128
 1984   10   -0.2703
 1984   11   -0.9659
 1984   12    0.4460
 1985    1   -2.8057
 1985    2   -1.4398
 1985    3    0.5514
 1985    4    0.6524
 1985    5   -0.4322
 1985    6   -0.3466
 1985    7   -0.3896
 1985    8   -0.0014
 1985    9    0.1144
 1985   10    1.0351
 1985   11   -1.2175
 1985   12   -1.9476
 1986    1   -0.5676
 1986    2   -2.9041
 1986    3    1.9308
 1986    4    0.1030
 1986    5    0.3669
 1986    6    0.5346
 1986    7   -0.0083
 1986    8   -0.8263
 1986    9   -0.0234
 1986   10    1.4246
 1986   11    0.9257
 1986   12    0.0598
 1987    1   -1.1476
 1987    2   -1.4732
 1987    3   -1.7465
 1987    4    0.3870
 1987    5    0.3252
 1987    6   -0.7103
 1987    7   -0.4663
 1987    8   -0.8357
 1987    9    0.2865
 1987   10   -0.0800
 1987   11   -0.5358
 1987   12   -0.5339
 1988    1    0.2647
 1988    2   -1.0662
 1988    3   -0.1971
 1988    4   -0.5607
 1988    5   -0.8461
 1988    6    0.0605
 1988    7   -0.1434
 1988    8    0.2546
 1988    9    1.0393
 1988   10    0.0324
 1988   11   -0.0347
 1988   12    1.6788
 1989    1    3.1060
 1989    2    3.2793
 1989    3    1.5303
 1989    4   -0.2502
 1989    5    0.8888
 1989    6    0.3450
 1989    7    0.8656
 1989    8    0.5509
 1989    9    0.7031
 1989   10    0.9907
 1989   11    0.0338
 1989   12   -0.6437
 1990    1    1.0007
 1990    2    3.4016
 1990    3    2.9900
 1990    4    1.8788
 1990    5    0.9428
 1990    6    0.3043
 1990    7   -0.2958
 1990    8   -0.1802
 1990    9   -0.2104
 1990   10    0.6603
 1990   11    0.5206
 1990   12    1.2767
 1991    1    0.7232
 1991    2   -0.8760
 1991    3   -0.5268
 1991    4    0.5302
 1991    5    0.4865
 1991    6   -0.1154
 1991    7   -0.1880
 1991    8    0.7969
 1991    9   -0.1122
 1991   10   -0.2519
 1991   11    0.2847
 1991   12    1.6132
 1992    1    0.5500
 1992    2    1.1217
 1992    3    0.9842
 1992    4   -0.5205
 1992    5    1.3414
 1992    6   -0.3020
 1992    7    0.1911
 1992    8    0.5353
 1992    9   -0.6403
 1992   10   -0.3659
 1992   11    0.7170
 1992   12    1.6267
 1993    1    3.4953
 1993    2    0.1845
 1993    3    0.7643
 1993    4   -0.4354
 1993    5   -1.6075
 1993    6   -0.5195
 1993    7   -0.5107
 1993    8   -0.3930
 1993    9   -0.3606
 1993   10   -0.5650
 1993   11    1.0018
 1993   12   -0.1041
 1994    1   -0.2879
 1994    2   -0.8615
 1994    3    1.8810
 1994    4    0.2247
 1994    5   -0.1154
 1994    6    1.6063
 1994    7    0.3507
 1994    8    0.8275
 1994    9   -0.0841
 1994   10    0.1740
 1994   11    1.7794
 1994   12    0.8938
 1995    1   -0.1538
 1995    2    1.4289
 1995    3    0.3932
 1995    4   -0.9631
 1995    5   -0.8912
 1995    6   -0.1118
 1995    7   -0.2171
 1995    8    0.5436
 1995    9   -0.5490
 1995   10    0.0750
 1995   11   -0.7233
 1995   12   -2.1271
 1996    1   -1.2004
 1996    2    0.1632
 1996    3   -1.4832
 1996    4   -1.5251
 1996    5   -0.2264
 1996    6    0.4967
 1996    7    0.7146
 1996    8    0.1247
 1996    9   -1.1400
 1996   10    0.1825
 1996   11    0.1364
 1996   12   -1.7208
 1997    1   -0.4568
 1997    2    1.8887
 1997    3    1.0908
 1997    4    0.3236
 1997    5   -0.9611
 1997    6   -0.8150
 1997    7   -0.4306
 1997    8    0.1206
 1997    9    0.1945
 1997   10   -0.6997
 1997   11   -0.6611
 1997   12   -0.0711
 1998    1   -2.0806
 1998    2   -0.1832
 1998    3   -0.2544
 1998    4   -0.0379
 1998    5    0.4286
 1998    6   -0.7107
 1998    7   -0.2117
 1998    8    0.6503
 1998    9   -1.0499
 1998   10    0.2943
 1998   11   -1.4494
 1998   12    1.3534
 1999    1    0.1103
 1999    2    0.4821
 1999    3   -1.4916
 1999    4    0.2844
 1999    5    0.2259
 1999    6    0.7070
 1999    7   -0.0020
 1999    8   -0.6721
 1999    9    0.0591
 1999   10   -0.0058
 1999   11    0.6109
 1999   12    1.0431
 2000    1    1.2702
 2000    2    1.0758
 2000    3   -0.4514
 2000    4   -0.2785
 2000    5    0.9691
 2000    6    0.5861
 2000    7   -0.6494
 2000    8    0.1439
 2000    9    0.3949
 2000   10    0.3168
 2000   11   -1.5815
 2000   12   -2.3544
 2001    1   -0.9588
 2001    2   -0.6224
 2001    3   -1.6865
 2001    4    0.9060
 2001    5    0.4520
 2001    6   -0.0153
 2001    7   -0.0310
 2001    8    0.5205
 2001    9   -0.7066
 2001   10    0.7075
 2001   11    0.8186
 2001   12   -1.3224
 2002    1    1.3813
 2002    2    1.3035
 2002    3    0.9020
 2002    4    0.7484
 2002    5    0.4014
 2002    6    0.5727
 2002    7    0.3276
 2002    8   -0.2285
 2002    9   -0.0427
 2002   10   -1.4885
 2002   11   -1.4251
 2002   12   -1.5921
 2003    1   -0.4717
 2003    2    0.1278
 2003    3    0.9330
 2003    4   -0.1781
 2003    5    1.0167
 2003    6   -0.1021
 2003    7    0.0753
 2003    8   -0.2804
 2003    9    0.4666
 2003   10   -0.6698
 2003   11    0.6424
 2003   12    0.2652
 2004    1   -1.6858
 2004    2   -1.5285
 2004    3    0.3181
 2004    4   -0.4094
 2004    5   -0.0943
 2004    6   -0.2359
 2004    7   -0.2005
 2004    8   -0.7202
 2004    9    0.8550
 2004   10   -0.5154
 2004   11    0.6783
 2004   12    1.2301
 2005    1    0.3562
 2005    2   -1.2706
 2005    3   -1.3479
 2005    4   -0.0462
 2005    5   -0.7634
 2005    6   -0.3832
 2005    7   -0.0302
 2005    8    0.0261
 2005    9    0.8024
 2005   10    0.0298
 2005   11    0.2277
 2005   12   -2.1039
 2006    1   -0.1705
 2006    2   -0.1558
 2006    3   -1.6038
 2006    4    0.1383
 2006    5    0.1558
 2006    6    1.0708
 2006    7    0.1027
 2006    8   -0.2652
 2006    9    0.6065
 2006   10   -1.0291
 2006   11    0.5213
 2006   12    2.2817
 2007    1    2.0338
 2007    2   -1.3069
 2007    3    1.1821
 2007    4    0.5443
 2007    5    0.8937
 2007    6   -0.5550
 2007    7   -0.3965
 2007    8   -0.0337
 2007    9    0.1789
 2007   10    0.3835
 2007   11   -0.5187
 2007   12    0.8211
 2008    1    0.8190
 2008    2    0.9381
 2008    3    0.5856
 2008    4   -0.4550
 2008    5   -1.2047
 2008    6   -0.0898
 2008    7   -0.4799
 2008    8   -0.0805
 2008    9   -0.3266
 2008   10    1.6758
 2008   11    0.0922
 2008   12    0.6478
 2009    1    0.7997
 2009    2   -0.6723
 2009    3    0.1213
 2009    4    0.9725
 2009    5    1.1937
 2009    6   -1.3507
 2009    7   -1.3559
 2009    8   -0.0537
 2009    9    0.8745
 2009   10   -1.5399
 2009   11    0.4589
 2009   12   -3.4128
 2010    1   -2.5868
 2010    2   -4.2657
 2010    3   -0.4321
 2010    4   -0.2745
 2010    5   -0.9186
 2010    6   -0.0130
 2010    7    0.4353
 2010    8   -0.1166
 2010    9   -0.8646
 2010   10   -0.4670
 2010   11   -0.3757
 2010   12   -2.6310
 2011    1   -1.6831
 2011    2    1.5754
 2011    3    1.4241
 2011    4    2.2748
 2011    5   -0.0351
 2011    6   -0.8578
 2011    7   -0.4716
 2011    8   -1.0626
 2011    9    0.6647
 2011   10    0.7998
 2011   11    1.4592
 2011   12    2.2208
 2012    1   -0.2197
 2012    2   -0.0363
 2012    3    1.0371
 2012    4   -0.0346
 2012    5    0.1684
 2012    6   -0.6724
 2012    7    0.1678
 2012    8    0.0140
 2012    9    0.7722
 2012   10   -1.5140
 2012   11   -0.1106
 2012   12   -1.7486
 2013    1   -0.6095
 2013    2   -1.0074
 2013    3   -3.1854
 2013    4    0.3222
 2013    5    0.4940
 2013    6    0.5487
 2013    7   -0.0111
 2013    8    0.1542
 2013    9   -0.4609
 2013   10    0.2628
 2013   11    2.0290
 2013   12    1.4749
 2014    1   -0.9688
 2014    2    0.0438
 2014    3    1.2058
 2014    4    0.9720
 2014    5    0.4642
 2014    6   -0.5074
 2014    7   -0.4889
 2014    8   -0.3715
 2014    9    0.1019
 2014   10   -1.1344
 2014   11   -0.5303
 2014   12    0.4129
 2015    1    1.0916
 2015    2    1.0426
 2015    3    1.8374
 2015    4    1.2157
 2015    5    0.7628
 2015    6    0.4270
 2015    7   -1.1079
 2015    8   -0.6890
 2015    9   -0.1645
 2015   10   -0.2501
 2015   11    1.9450
 2015   12    1.4441
 2016    1   -1.4487
 2016    2   -0.0235
 2016    3    0.2802
 2016    4   -1.0511
 2016    5   -0.0357
 2016    6    0.3129
 2016    7    0.0848
 2016    8    0.4724
 2016    9    0.7810
 2016   10   -1.9173
 2016   11   -0.6109
 2016   12    1.7864
 2017    1    0.9420
 2017    2    0.3399
 2017    3    1.3654
 2017    4   -0.0887
 2017    5   -0.7301
 2017    6    0.4017
 2017    7    0.6342
 2017    8    0.1500
 2017    9   -0.4924
 2017   10    0.6903
 2017   11   -0.0776
 2017   12   -0.0590
 2018    1   -0.2808
 2018    2    0.1127
 2018    3   -0.9411
 2018    4    0.5439
 2018    5    1.1796
 2018    6    0.3799
 2018    7    0.6118
 2018    8    0.8361
 2018    9    0.5845
 2018   10    0.4128
 2018   11   -1.1162
 2018   12    0.1097
 2019    1   -0.7132
 2019    2    1.1495
 2019    3    2.1161
 2019    4   -0.2553
 2019    5   -1.2313
 2019    6   -0.6013
 2019    7   -0.8897
 2019    8   -0.7218
 2019    9    0.3062
 2019   10   -0.0822
 2019   11   -1.1934
 2019   12    0.4121
 2020    1    2.4190
 2020    2    3.4172
 2020    3    2.6414
 2020    4    0.9281
 2020    5   -0.0271
 2020    6   -0.1218
 2020    7   -0.4118
 2020    8   -0.3812
 2020    9    0.6314
 2020   10   -0.0717
 2020   11    2.0864
 2020   12   -1.7360
 2021    1   -2.4836
 2021    2   -1.1907
 2021    3    2.1092
 2021    4   -0.2044
 2021    5   -0.1606
 2021    6    0.8446
 2021    7    0.6302
 2021    8   -0.2093
 2021    9   -0.2516
 2021   10   -0.1458
 2021   11    0.0930
 2021   12    0.1981
 2022    1    0.8483
 2022    2    1.5444
 2022    3    0.3052
 2022    4   -0.6026
 2022    5    1.2235
 2022    6   -0.0742
 2022    7    0.0249
 2022    8   -0.1700
 2022    9   -0.6552
 2022   10    1.3457
 2022   11    0.3389
 2022   12   -2.7192
 2023    1   -0.6743
 2023    2    1.6004
 2023    3    0.2803
 2023    4   -0.9731
 2023    5    1.1343